{
  "_comment" : "Adjacency Matrix example for a 20 cities problem instance, real problem instance matrix (1000 cities) is too big and is also unreadable",
  "road_network_adjacency_matrix" :
    [
      [0, 4568, 2744, 2142, 2097, 5018, 3763, 2194, 5510, 648, 5363, 3702, 5103, 5687, 3050, 843, 1685, 1642, 5041, 1246],
      [4568, 0, 5537, 2293, 3561, 5648, 5448, 5337, 5875, 5061, 339, 4681, 5044, 764, 3086, 181, 4271, 1065, 4035, 2558],
      [2744, 5537, 0, 2273, 3575, 2458, 2592, 3514, 5534, 1509, 45, 722, 4538, 4742, 1160, 242, 2621, 2842, 5226, 3058],
      [2142, 2293, 2273, 0, 2254, 2571, 864, 931, 2760, 5033, 1335, 5274, 5386, 5141, 5676, 752, 3553, 3320, 5404, 1859],
      [2097, 3561, 3575, 2254, 0, 2853, 5959, 2014, 1633, 5519, 2019, 4857, 5762, 2017, 3371, 5148, 3968, 4735, 1031, 2429],
      [5018, 5648, 2458, 2571, 2853, 0, 2542, 4333, 1251, 5210, 3675, 1876, 3721, 789, 2176, 4306, 4314, 2997, 620, 3435],
      [3763, 5448, 2592, 864, 5959, 2542, 0, 5008, 3150, 1462, 4660, 1889, 2207, 3770, 5064, 2950, 285, 2066, 657, 2324],
      [2194, 5337, 3514, 931, 2014, 4333, 5008, 0, 5946, 1865, 5958, 1957, 2849, 988, 1017, 1238, 719, 1243, 3673, 4135],
      [5510, 5875, 5534, 2760, 1633, 1251, 3150, 5946, 0, 2538, 5598, 1649, 1567, 3078, 1344, 5088, 3367, 4121, 1854, 91],
      [648, 5061, 1509, 5033, 5519, 5210, 1462, 1865, 2538, 0, 2822, 5702, 4861, 3765, 3809, 3962, 932, 2440, 2706, 4630],
      [5363, 339, 45, 1335, 2019, 3675, 4660, 5958, 5598, 2822, 0, 3282, 5767, 3523, 3700, 2906, 2281, 3725, 4238, 3681],
      [3702, 4681, 722, 5274, 4857, 1876, 1889, 1957, 1649, 5702, 3282, 0, 4031, 4538, 3265, 521, 4264, 2448, 5417, 3074],
      [5103, 5044, 4538, 5386, 5762, 3721, 2207, 2849, 1567, 4861, 5767, 4031, 0, 2399, 2970, 5295, 1898, 2990, 2085, 5845],
      [5687, 764, 4742, 5141, 2017, 789, 3770, 988, 3078, 3765, 3523, 4538, 2399, 0, 3686, 4342, 2251, 1065, 4785, 1212],
      [3050, 3086, 1160, 5676, 3371, 2176, 5064, 1017, 1344, 3809, 3700, 3265, 2970, 3686, 0, 4761, 4211, 2353, 4559, 3611],
      [843, 181, 242, 752, 5148, 4306, 2950, 1238, 5088, 3962, 2906, 521, 5295, 4342, 4761, 0, 231, 1051, 1875, 1186],
      [1685, 4271, 2621, 3553, 3968, 4314, 285, 719, 3367, 932, 2281, 4264, 1898, 2251, 4211, 231, 0, 2422, 1601, 2758],
      [1642, 1065, 2842, 3320, 4735, 2997, 2066, 1243, 4121, 2440, 3725, 2448, 2990, 1065, 2353, 1051, 2422, 0, 1396, 5353],
      [5041, 4035, 5226, 5404, 1031, 620, 657, 3673, 1854, 2706, 4238, 5417, 2085, 4785, 4559, 1875, 1601, 1396, 0, 300],
      [1246, 2558, 3058, 1859, 2429, 3435, 2324, 4135, 91, 4630, 3681, 3074, 5845, 1212, 3611, 1186, 2758, 5353, 300, 0]
    ],
  "_comment1": "Example list of the objects delivery temporal window for the previous adjacency matrix",
  "objects_delivery_temporal_windows" :
    [
      [5285, 8387],
      [2245, 2466],
      [8198, 10199],
      [11107, 11398],
      [8748, 9208],
      [8485, 9573],
      [10438, 10654],
      [7348, 10221],
      [1643, 1790],
      [6422, 7478],
      [6029, 9664],
      [1340, 5323],
      [2180, 8013],
      [9661, 10899],
      [11732, 11798],
      [2575, 7715],
      [2158, 3038],
      [4318, 8010],
      [1145, 4871],
      [10943, 11403]
    ]
}